kinematics:
  shoulder:
    x: 0
    y: 0
    z: 0.1624988620780813
    roll: -0
    pitch: 0
    yaw: -2.005085697823206e-08
  upper_arm:
    x: 5.017805121158702e-05
    y: 0
    z: 0
    roll: 1.570541337156603
    pitch: 0
    yaw: -8.848741747655915e-07
  forearm:
    x: -0.425060707496126
    y: 0
    z: 0
    roll: 0.003357662847901482
    pitch: -0.0007564123043443519
    yaw: -2.04280209938812e-06
  wrist_1:
    x: -0.3923063735248499
    y: -0.0007180183133838468
    z: 0.133715370442367
    roll: 0.005369699907790232
    pitch: 0.00122314211823795
    yaw: -8.313728613700297e-07
  wrist_2:
    x: -4.454794197132847e-05
    y: -0.09963469087060325
    z: 3.745472432256182e-05
    roll: 1.570420406297418
    pitch: 0
    yaw: 3.314232911947462e-06
  wrist_3:
    x: 5.703968258942762e-05
    y: 0.0997403479164904
    z: 5.79042179402759e-05
    roll: 1.571376876318179
    pitch: 3.141592653589793
    yaw: -3.141592423004635
  hash: calib_13722442224727038182